http://i.imgur.com/XuzwvKn.jpg
[0.549006, 0.095707, 0.172525, 0.097619, 0.273999]
http://i.imgur.com/4HSEGNX.jpg
[0.396272, 0.083244, 0.179784, 0.031547, 0.305894]
http://i.imgur.com/ppBPV.jpg
[0.772936, 0.3487, 0.071595, 0.069285, 0.104157]
http://i.imgur.com/qc7FPxa.jpg
[0.904412, 0.423185, 0.577452, 0.02767, 0.227808]
http://i.imgur.com/Tgay4hL.jpg
[0.588831, 0.171648, 0.108149, 0.166354, 0.272441]
http://i.imgur.com/EWLWdxc.jpg
[0.640593, 0.216711, 0.231404, 0.038559, 0.109988]
http://i.imgur.com/GXbtlBv.jpg
[0.835184, 0.079219, 0.583833, 0.047156, 0.065051]
http://i.imgur.com/G8nseoV.jpg
[0.207085, 0.282349, 0.249591, 0.219811, 0.269682]
http://i.imgur.com/ze6132Z.jpg
[0.673462, 0.092539, 0.372748, 0.549693, 0.193857]
http://i.imgur.com/b90ZE.jpg
[0.849046, 0.336857, 0.037454, 0.029879, 0.336915]
http://i.imgur.com/d8SuaZ0.jpg
[0.586832, 0.312252, 0.377229, 0.497791, 0.251276]
http://imgur.com/Rp2nW8i.jpg
[0.291435, 0.167132, 0.516007, 0.098037, 0.221113]
http://i.imgur.com/kABxZg1.jpg
[0.510925, 0.058671, 0.528573, 0.384088, 0.081751]
http://i.imgur.com/9ux1vvM.jpg
[0.63735, 0.077654, 0.390909, 0.108932, 0.242577]
http://i.imgur.com/0ayovGHh.jpg
[0.667112, 0.921488, 0.02881, 0.060897, 0.030749]
http://i.imgur.com/BuD9jia.jpg
[0.675884, 0.049349, 0.099988, 0.85719, 0.22829]
http://i.imgur.com/9a9eyuD.jpg
[0.630221, 0.288369, 0.04229, 0.04717, 0.047782]
http://i.imgur.com/vu9P5mN.jpg
[0.603638, 0.034747, 0.19555, 0.261325, 0.058698]
http://1.bp.blogspot.com/-oMt_VsHP_vI/UamMnMPb03I/AAAAAAABBWI/dcXo9z86PTw/s1600/882328_10151455446428514_1188367018_o.jpg
[0.709071, 0.18746, 0.188701, 0.035743, 0.351455]
http://i.imgur.com/jgkiXHE.jpg
[0.42861, 0.270451, 0.715827, 0.057348, 0.279784]
http://i.imgur.com/poKTTTq.jpg
[0.436955, 0.057441, 0.129528, 0.460133, 0.066125]
http://i.imgur.com/rzzs9Sk.jpg
[0.794375, 0.432759, 0.133025, 0.053637, 0.07825]
http://i.imgur.com/encNHXz.jpg
[0.548378, 0.046817, 0.444044, 0.132877, 0.033169]
http://imgur.com/QSczcuc.jpg
[0.862975, 0.124783, 0.489343, 0.037529, 0.186363]
http://i.imgur.com/XVohHNn.jpg
[0.322331, 0.23835, 0.351357, 0.549292, 0.047885]
http://i.imgur.com/YmeSA.jpg
[0.679638, 0.426492, 0.752516, 0.02502, 0.256158]
http://i.imgur.com/DKZP0.jpg
[0.338046, 0.033132, 0.188707, 0.690535, 0.14156]
